4500	17	771
1	1	0	198	159	3	B
2	1	0	164	159	2	B
3	1	0	158	189	2	A
4	1	0	163	181	1	D
5	1	1	187	152	1	C
6	2	1	192	161	1	C
7	1	1	186	178	2	C
8	1	1	169	166	3	B
9	1	1	160	195	2	C
10	2	1	171	196	4	C
11	1	1	185	197	2	D
12	2	2	160	179	2	C
13	1	2	154	196	1	B
14	1	2	177	193	1	D
15	1	2	151	197	2	A
16	1	2	151	173	4	C
17	2	2	178	173	4	B
18	2	2	178	198	3	D
19	1	2	195	188	2	A
20	2	2	157	185	1	D
21	1	3	172	181	3	D
22	2	3	153	196	4	D
23	2	3	194	181	3	B
24	1	3	168	182	1	B
25	1	4	187	161	1	A
26	1	4	198	191	2	B
27	1	4	153	160	2	A
28	1	5	194	198	4	C
29	1	5	191	193	3	C
30	1	5	198	157	4	D
31	2	6	172	173	3	A
32	1	6	176	165	2	D
33	1	6	198	188	2	D
34	1	6	197	176	4	C
35	2	6	192	178	2	A
36	1	7	198	157	4	B
37	1	7	161	172	1	C
38	1	7	196	192	4	B
39	1	7	179	171	3	A
40	1	8	183	183	4	C
41	1	8	154	184	2	D
42	1	8	176	193	1	C
43	1	8	157	152	4	B
44	2	9	167	153	4	A
45	1	9	167	168	3	B
46	2	9	179	195	4	D
47	1	9	193	161	3	C
48	1	9	156	154	2	D
49	2	9	187	188	4	A
50	2	10	152	179	4	D
51	2	10	189	165	3	A
52	1	10	182	187	3	C
53	1	10	154	180	3	C
54	2	10	166	170	2	D
55	1	10	182	156	3	A
56	1	11	157	166	1	D
57	1	11	161	189	1	D
58	1	11	197	185	3	B
59	1	12	191	188	2	B
60	1	12	198	168	1	A
61	1	12	194	198	3	A
62	1	13	159	166	3	A
63	1	13	192	175	2	C
64	2	13	190	156	1	C
65	1	14	158	196	2	B
66	2	14	200	194	2	D
67	2	14	179	172	3	B
68	1	14	166	192	2	B
69	1	14	180	161	3	C
70	1	14	154	178	4	D
71	1	14	182	183	2	A
72	1	15	176	184	2	C
73	2	15	152	189	2	C
74	1	15	193	180	1	C
75	1	15	189	193	1	A
76	2	16	200	199	4	C
77	1	16	187	174	2	B
78	1	16	151	170	2	C
79	1	17	161	155	1	C
80	2	17	194	152	3	B
81	1	17	186	193	2	D
82	1	18	155	169	1	A
83	2	18	153	187	3	C
84	1	18	154	160	4	B
85	1	18	161	178	1	A
86	1	18	171	180	3	D
87	1	19	158	165	3	C
88	1	19	152	182	2	C
89	2	19	190	157	3	A
90	1	19	166	153	4	B
91	1	20	190	165	2	A
92	1	21	162	196	4	C
93	1	21	163	200	2	C
94	2	21	172	171	2	C
95	2	21	197	200	1	C
96	1	22	180	199	2	C
97	1	22	160	151	4	B
98	1	22	151	192	1	A
99	1	22	176	160	2	B
100	1	23	182	178	4	C
101	1	23	174	156	3	A
102	2	23	197	177	3	A
103	1	23	170	165	3	D
104	1	24	178	157	4	A
105	2	24	172	175	4	A
106	1	24	188	179	4	B
107	1	25	168	165	1	D
108	2	25	154	169	4	A
109	1	25	196	176	1	C
110	1	25	159	166	4	A
111	1	25	164	194	3	D
112	2	25	186	162	3	C
113	1	26	189	153	1	B
114	1	26	152	173	4	A
115	2	26	153	162	3	A
116	2	26	171	199	4	D
117	2	26	198	197	1	A
118	1	26	177	190	1	B
119	1	27	153	168	4	B
120	2	27	170	154	3	C
121	1	28	160	200	4	C
122	1	28	159	191	3	D
123	1	28	169	190	1	C
124	2	29	162	160	1	C
125	1	29	172	193	2	B
126	1	29	168	188	1	D
127	1	29	162	191	1	A
128	1	29	188	188	2	B
129	2	29	154	177	2	B
130	2	30	167	186	1	B
131	1	30	159	186	3	C
132	1	30	187	167	1	D
133	1	30	158	178	1	B
134	1	30	197	169	3	C
135	2	30	178	187	3	A
136	1	31	197	194	2	B
137	2	31	186	152	2	D
138	1	31	184	164	1	B
139	1	31	188	156	2	A
140	1	31	182	182	2	A
141	1	32	157	164	4	D
142	1	32	188	199	2	B
143	2	32	182	186	2	B
144	1	32	163	155	4	D
145	1	32	193	160	4	A
146	1	33	193	183	3	C
147	1	33	178	191	2	B
148	1	33	155	195	3	D
149	2	34	186	173	4	D
150	1	34	165	160	1	D
151	1	34	187	198	1	B
152	1	34	160	161	1	C
153	1	35	171	152	4	B
154	1	35	162	151	1	A
155	1	35	170	154	4	C
156	1	35	199	151	2	D
157	1	35	157	167	2	B
158	2	35	158	168	4	D
159	2	36	158	185	1	C
160	1	36	151	153	3	C
161	1	36	182	174	1	B
162	1	36	182	176	2	B
163	1	36	177	176	1	C
164	1	36	187	185	1	C
165	1	36	191	162	1	B
166	1	37	192	183	1	B
167	1	37	197	195	2	C
168	1	37	185	164	1	D
169	2	37	190	163	3	C
170	1	38	171	160	1	A
171	2	38	173	175	1	A
172	1	38	166	199	1	B
173	1	38	182	178	3	B
174	1	38	182	188	4	A
175	1	39	188	178	2	C
176	1	39	151	163	4	B
177	1	39	179	158	1	A
178	1	40	182	160	3	C
179	1	40	157	198	2	D
180	1	40	161	199	2	B
181	1	40	161	160	4	D
182	1	41	200	193	3	C
183	1	41	187	196	4	C
184	1	41	194	168	2	A
185	1	41	191	152	3	D
186	1	41	186	168	1	A
187	2	41	172	154	3	A
188	1	42	186	184	1	D
189	1	42	188	162	2	A
190	1	42	159	151	2	C
191	1	42	190	191	2	C
192	1	42	184	178	4	B
193	1	43	194	194	1	C
194	1	43	169	167	4	D
195	1	43	159	188	1	A
196	1	43	199	192	4	C
197	1	43	169	178	4	B
198	1	43	189	191	1	B
199	1	43	156	192	3	C
200	2	43	158	169	3	B
201	1	44	152	153	3	C
202	1	44	192	182	1	A
203	1	45	180	155	1	B
204	1	45	185	158	2	A
205	1	45	163	159	2	D
206	2	45	165	177	1	D
207	1	45	193	176	2	A
208	1	45	189	197	2	B
209	1	45	189	190	3	A
210	1	46	194	170	4	B
211	1	46	196	167	3	A
212	1	46	199	175	4	A
213	1	46	176	176	2	B
214	2	46	199	190	3	C
215	1	46	171	193	1	B
216	2	46	178	191	1	A
217	1	47	184	165	2	A
218	2	48	177	185	1	A
219	1	48	183	161	1	A
220	1	48	179	174	1	D
221	1	49	183	151	2	A
222	2	49	174	195	1	D
223	1	49	196	158	3	A
224	1	50	165	187	2	C
225	1	50	164	170	3	A
226	1	50	172	183	2	C
227	1	50	184	190	2	C
228	2	50	198	157	3	C
229	1	50	169	179	4	B
230	1	51	154	179	2	B
231	1	51	162	154	3	C
232	1	51	188	185	3	C
233	1	51	186	194	1	C
234	1	51	179	165	2	D
235	2	52	196	189	4	A
236	2	52	158	164	4	D
237	2	52	163	177	1	D
238	2	52	166	188	2	C
239	1	53	151	155	3	D
240	1	53	157	162	3	A
241	1	53	200	161	2	C
242	1	54	171	177	2	C
243	2	54	188	167	2	C
244	1	54	195	163	1	B
245	1	54	165	154	2	C
246	1	54	187	177	4	C
247	1	54	185	178	1	D
248	1	54	159	189	3	C
249	2	55	183	155	3	B
250	2	56	181	160	3	D
251	2	56	164	153	2	C
252	1	56	184	173	2	A
253	1	56	176	154	2	C
254	1	57	193	175	3	D
255	2	57	177	179	1	C
256	1	57	199	166	3	B
257	1	57	156	152	1	A
258	1	57	199	186	1	C
259	2	57	161	177	1	C
260	1	58	156	177	1	A
261	1	58	181	179	2	A
262	1	58	165	190	2	D
263	1	58	179	184	1	A
264	1	59	199	153	2	D
265	1	59	174	196	3	B
266	2	59	196	192	3	B
267	1	60	177	158	2	A
268	1	60	169	192	3	D
269	1	60	186	151	4	B
270	1	61	169	154	3	A
271	2	61	154	156	4	D
272	1	61	170	160	2	B
273	2	61	174	199	2	B
274	2	61	176	172	1	D
275	1	62	151	162	3	B
276	1	63	185	152	2	B
277	2	63	160	178	1	D
278	1	63	155	162	3	B
279	1	64	156	180	4	C
280	1	64	180	196	2	C
281	1	64	182	192	4	D
282	1	64	152	175	4	A
283	2	65	171	165	4	B
284	1	65	179	171	1	D
285	1	65	167	176	3	A
286	1	66	158	194	1	C
287	1	66	151	184	4	D
288	1	66	169	179	2	D
289	1	67	191	169	1	A
290	1	67	151	189	2	A
291	2	67	153	197	1	A
292	2	67	191	177	2	B
293	2	67	165	178	3	A
294	1	67	159	183	3	B
295	1	68	174	171	2	C
296	1	68	170	190	2	A
297	1	68	195	163	4	B
298	1	68	164	190	3	A
299	1	69	173	167	4	D
300	2	69	180	184	3	C
-1
