3000	16	592
1	1	0	153	154	3	C
2	1	0	161	161	4	C
3	1	1	155	183	1	C
4	1	1	165	196	4	A
5	1	1	156	190	3	C
6	1	3	158	181	3	A
7	1	3	170	182	1	C
8	1	4	156	151	2	B
9	1	4	194	167	2	C
10	1	4	157	171	1	C
11	1	5	162	181	1	D
12	1	5	184	170	1	A
13	1	5	175	188	3	D
14	1	6	176	181	3	B
15	1	7	195	190	1	A
16	1	7	162	196	2	D
17	1	7	153	171	3	B
18	1	7	182	198	1	D
19	1	8	156	174	2	B
20	1	8	182	169	1	C
21	1	8	166	168	1	B
22	1	8	154	171	2	A
23	1	8	160	187	2	D
24	1	9	179	156	4	D
25	1	9	166	159	4	C
26	1	9	197	172	3	D
27	1	10	155	163	4	B
28	1	10	183	162	4	D
29	1	10	194	156	1	D
30	1	10	153	176	3	A
31	1	11	195	190	2	C
32	1	11	152	163	4	C
33	1	11	166	185	1	C
34	2	11	194	199	3	A
35	2	12	186	155	1	A
36	1	13	155	157	4	C
37	1	13	173	174	3	A
38	1	13	194	155	3	D
39	1	13	157	181	1	B
40	1	13	158	181	3	D
41	2	14	189	175	1	A
42	2	14	173	190	1	A
43	1	14	153	170	1	A
44	1	14	175	191	1	C
45	1	15	178	193	2	A
46	2	15	182	193	3	B
47	2	15	163	169	1	A
48	1	15	200	200	2	D
49	1	15	154	165	4	D
50	1	15	182	185	3	D
51	2	15	160	162	3	A
52	2	16	178	175	3	C
53	1	16	199	155	1	C
54	1	16	164	196	2	A
55	2	16	194	162	3	D
56	1	16	181	173	2	C
57	1	16	166	167	4	D
58	1	17	169	170	2	A
59	2	17	179	181	2	A
60	1	17	162	187	3	B
61	2	17	164	184	1	C
62	1	17	186	198	2	D
63	1	17	196	175	4	B
64	2	18	167	176	2	A
65	2	18	158	157	3	A
66	1	18	154	159	2	B
67	1	18	180	174	4	B
68	1	18	186	193	3	C
69	1	18	155	200	1	B
70	1	19	162	166	2	A
71	1	19	163	186	4	A
72	1	19	172	174	1	B
73	1	19	198	195	2	D
74	1	19	187	198	1	A
75	2	19	193	186	3	D
76	1	19	159	161	2	B
77	1	20	159	172	2	C
78	1	20	181	158	2	C
79	1	20	169	153	3	B
80	1	20	194	180	1	B
81	1	21	156	175	1	C
82	1	21	154	158	4	C
83	1	21	189	165	2	B
84	1	21	185	152	1	C
85	1	21	196	153	2	D
86	1	21	189	195	3	B
87	1	21	155	170	3	B
88	1	22	170	198	1	D
89	1	22	152	168	1	B
90	1	22	152	160	2	C
91	1	22	177	166	4	B
92	1	22	175	163	4	B
93	1	23	172	164	1	C
94	1	23	156	190	2	C
95	2	23	165	165	4	B
96	2	23	154	151	4	A
97	1	23	168	180	1	D
98	2	23	177	189	3	D
99	2	24	163	168	2	D
100	2	24	165	164	1	D
101	1	25	173	153	4	D
102	2	26	176	173	2	D
103	1	26	164	169	4	C
104	1	26	175	151	3	C
105	1	26	168	166	2	D
106	2	26	151	162	3	B
107	1	26	174	157	1	A
108	2	27	188	173	4	A
109	1	28	152	181	4	A
110	1	28	165	168	3	C
111	2	28	163	198	3	A
112	2	28	161	185	3	B
113	2	28	170	186	3	B
114	1	29	167	171	4	D
115	1	30	189	160	1	C
116	1	30	158	167	2	B
117	2	30	154	184	1	C
118	2	30	171	181	4	C
119	1	30	162	172	3	B
120	1	30	157	181	1	D
121	1	31	159	199	1	A
122	1	31	183	199	3	C
123	1	31	175	193	4	A
124	1	31	151	170	3	B
125	1	31	156	173	4	D
126	2	31	161	192	1	B
127	1	31	184	180	1	C
128	1	31	182	182	4	C
129	1	31	162	175	4	B
130	1	31	186	168	4	B
131	1	32	200	156	3	C
132	1	32	189	161	3	A
133	2	32	188	156	4	C
134	1	32	183	186	2	C
135	1	32	159	177	3	A
136	1	32	197	169	2	B
137	1	33	156	199	4	C
138	2	33	164	161	1	A
139	1	33	174	171	3	A
140	1	33	190	198	1	D
141	1	33	163	189	2	A
142	1	34	156	161	2	C
143	1	34	187	159	4	B
144	1	34	189	197	3	B
145	1	34	188	171	1	A
146	1	34	173	162	3	D
147	1	34	196	157	2	D
148	1	35	188	165	3	B
149	2	35	172	197	1	C
150	2	35	183	178	1	A
151	1	35	189	196	3	C
152	1	35	181	155	1	D
153	1	35	186	187	3	D
154	1	36	188	189	1	B
155	1	36	153	192	4	C
156	1	36	177	163	3	B
157	2	36	162	184	3	D
158	1	36	166	176	3	C
159	1	36	200	198	4	B
160	1	36	177	181	2	A
161	1	36	172	157	3	C
162	1	37	165	160	3	B
163	1	37	194	158	3	D
164	2	38	182	164	1	D
165	1	38	194	167	1	B
166	1	38	167	183	2	B
167	1	39	198	174	2	B
168	1	39	197	179	2	D
169	1	39	168	174	4	D
170	2	39	190	191	1	D
171	1	40	188	164	3	B
172	1	40	190	196	2	B
173	1	40	169	157	3	A
174	1	40	192	193	3	D
175	1	40	198	183	3	B
176	1	40	191	161	2	A
177	1	40	178	189	3	B
178	1	40	160	153	1	A
179	1	41	159	186	2	D
180	2	41	178	175	3	A
181	1	41	171	187	2	B
182	1	42	161	178	1	A
183	1	42	180	192	3	B
184	1	42	151	151	2	A
185	1	42	159	156	3	C
186	2	42	169	170	1	A
187	1	42	158	159	1	B
188	1	43	162	175	4	A
189	1	43	200	183	4	D
190	1	44	166	178	2	D
191	1	44	151	197	2	B
192	1	44	190	188	3	A
193	1	44	157	152	2	A
194	2	44	198	190	2	C
195	1	44	197	199	1	A
196	1	44	155	174	2	C
197	2	44	163	185	4	C
198	1	45	189	188	1	D
199	1	45	200	191	1	B
200	2	45	190	154	2	B
201	1	46	151	178	3	B
202	1	46	193	182	2	A
203	1	46	154	181	3	A
204	1	46	151	198	2	B
205	2	46	177	192	4	A
206	1	46	178	166	2	D
207	1	47	162	184	4	C
208	1	48	171	194	3	C
209	2	48	171	164	1	C
210	1	48	176	179	3	B
211	1	48	152	164	1	C
212	1	49	199	154	3	C
213	1	49	187	158	1	C
214	1	49	193	191	2	B
215	1	50	198	177	3	D
216	1	50	186	186	3	B
217	1	50	181	159	2	A
218	1	51	170	190	1	A
219	1	51	194	182	3	D
220	1	51	160	191	3	B
221	2	51	159	183	2	D
222	2	52	157	188	3	B
223	2	52	191	177	4	D
224	1	52	160	180	3	A
225	1	52	200	165	2	A
226	1	52	169	188	4	B
227	2	53	151	173	2	C
228	1	53	194	166	3	B
229	1	53	192	155	4	C
230	1	53	159	157	1	D
231	1	54	157	152	3	C
232	1	54	197	176	2	D
233	2	54	197	159	3	A
234	2	54	151	172	3	A
235	1	54	156	195	4	B
236	1	54	182	198	3	B
237	2	55	156	197	3	A
238	2	55	167	168	4	A
239	1	55	175	176	3	B
240	1	56	174	152	3	D
241	1	56	158	184	4	B
242	1	56	155	174	3	A
243	2	56	185	181	2	A
244	1	56	152	152	3	B
245	1	57	180	180	4	C
246	2	57	183	188	3	B
247	1	57	193	175	3	D
248	1	57	161	189	1	D
249	1	58	151	157	3	D
250	1	59	171	153	2	D
251	1	59	182	197	1	C
252	1	59	194	156	4	C
253	2	59	154	189	2	A
254	1	59	184	189	2	A
255	2	60	197	169	1	B
256	1	60	187	159	1	D
257	1	60	183	163	1	C
258	2	60	162	179	1	B
259	1	60	183	176	2	A
260	2	61	161	179	3	B
261	2	61	176	167	2	A
262	1	61	157	165	1	B
263	1	61	177	195	2	B
264	1	61	163	164	3	A
265	1	62	178	179	3	C
266	1	62	178	159	2	B
267	2	62	153	192	2	D
268	2	63	172	178	1	A
269	1	63	200	184	2	C
270	2	63	177	166	3	C
271	2	63	192	199	4	C
272	2	63	152	185	2	D
273	1	64	176	194	3	B
274	2	64	163	174	2	A
275	1	64	167	157	3	A
276	1	64	161	186	2	A
277	1	64	179	197	2	D
278	1	64	197	159	4	D
279	2	64	185	160	2	D
280	1	64	176	189	3	D
281	2	64	195	194	3	B
282	2	64	199	158	4	A
283	2	64	200	177	1	A
284	1	65	198	190	2	B
285	1	65	162	173	2	C
286	2	65	173	164	3	B
287	2	66	197	182	4	C
288	1	67	174	156	2	C
289	1	67	182	175	2	A
290	1	67	158	155	1	A
291	1	67	173	159	1	A
292	2	67	174	182	3	A
293	1	67	154	187	1	D
294	1	67	176	197	1	D
295	2	68	191	197	4	C
296	1	68	193	198	1	D
297	1	69	194	161	4	D
298	1	69	167	182	2	C
299	1	69	171	170	1	D
300	1	69	165	191	1	C
-1
