KTS	S	FD	KD	LT
10	2	0	10	10
11	15	0	9	9
11	3	0	11	11
12	4	0	12	12
15	19	0	13	13
15	13	0	13	13
15	8	0	14	14
15	1	0	15	15
16	25	0	12	12
16	21	0	13	13
19	38	0	12	12
19	45	0	10	10
19	36	0	12	12
19	43	0	11	11
19	33	0	13	13
19	11	0	18	18
20	27	0	16	16
20	26	0	16	16
20	14	0	18	18
21	30	0	16	16
21	41	0	13	13
21	32	0	15	15
22	62	0	9	9
23	58	0	12	12
23	56	0	12	12
24	65	0	10	10
25	17	0	23	23
26	70	0	12	12
27	68	0	13	13
27	24	0	24	24
28	48	0	19	19
30	23	0	27	27
30	81	0	13	13
30	86	0	12	12
31	18	0	29	29
31	22	0	28	28
31	20	0	29	29
34	57	0	23	23
39	46	0	30	30
40	111	0	15	15
40	66	0	26	26
40	122	0	12	12
41	126	0	12	12
44	50	0	34	34
44	54	0	34	34
47	148	0	14	14
47	150	0	13	13
47	103	0	24	24
47	141	0	15	15
48	116	0	22	22
48	144	0	16	16
48	132	0	18	18
48	107	0	23	23
50	179	0	10	10
50	181	0	10	10
51	168	0	14	14
52	137	0	21	21
55	188	0	13	13
56	194	0	13	13
56	205	0	11	11
57	12	0	55	55
57	149	0	23	23
57	158	0	22	22
58	5	0	57	57
58	6	0	57	57
60	37	0	53	53
61	35	0	55	55
61	185	0	20	20
62	10	0	61	61
62	7	0	61	61
62	156	0	27	27
63	220	0	15	15
64	44	0	55	55
65	31	0	59	59
66	49	0	57	57
66	234	0	15	15
67	51	0	57	57
68	72	0	53	53
68	74	0	53	53
68	206	0	23	23
69	78	0	53	53
70	64	0	57	57
71	47	0	62	62
71	79	0	54	54
71	76	0	55	55
71	222	0	22	22
71	262	0	13	13
72	63	0	59	59
72	239	0	19	19
73	42	0	65	65
73	88	0	54	54
73	96	0	51	51
73	73	0	58	58
74	9	0	73	73
74	93	0	53	53
75	89	0	56	56
75	83	0	57	57
76	75	0	61	61
76	80	0	59	59
76	94	0	55	55
76	237	0	24	24
76	254	0	19	19
76	236	0	24	24
76	264	0	17	17
76	250	0	20	20
77	98	0	55	55
77	85	0	59	59
77	95	0	56	56
77	268	0	17	17
77	287	0	11	11
78	82	0	60	60
78	281	0	14	14
79	91	0	59	59
79	55	0	69	69
79	105	0	55	55
79	77	0	63	63
79	288	0	13	13
79	284	0	14	14
80	102	0	57	57
80	108	0	55	55
81	71	0	67	67
81	53	0	71	71
81	112	0	56	56
81	109	0	56	56
81	247	0	27	27
82	60	0	70	70
82	59	0	70	70
82	52	0	72	72
82	299	0	13	13
83	115	0	57	57
83	117	0	57	57
83	39	0	76	76
83	125	0	54	54
83	128	0	54	54
83	162	0	47	47
83	29	0	78	78
83	69	0	69	69
83	123	0	55	55
83	120	0	56	56
84	127	0	55	55
84	110	0	59	59
84	135	0	54	54
84	124	0	55	55
85	161	0	49	49
86	140	0	55	55
86	195	0	43	43
86	157	0	51	51
86	113	0	60	60
86	143	0	54	54
87	61	0	75	75
87	202	0	43	43
87	165	0	51	51
87	133	0	57	57
87	130	0	57	57
87	164	0	51	51
87	40	0	79	79
88	139	0	57	57
88	186	0	47	47
88	138	0	57	57
88	129	0	59	59
88	87	0	69	69
88	152	0	54	54
89	175	0	50	50
90	177	0	51	51
90	212	0	44	44
90	174	0	52	52
90	171	0	52	52
90	189	0	48	48
90	136	0	59	59
90	166	0	53	53
90	169	0	53	53
90	271	0	29	29
91	170	0	53	53
91	154	0	56	56
91	216	0	45	45
91	184	0	50	50
91	142	0	59	59
91	180	0	51	51
91	172	0	53	53
91	147	0	58	58
91	16	0	89	89
91	274	0	30	30
92	101	0	69	69
92	218	0	44	44
92	217	0	45	45
92	204	0	47	47
92	119	0	65	65
92	208	0	47	47
92	151	0	58	58
92	198	0	49	49
92	67	0	78	78
92	159	0	56	56
93	296	0	25	25
93	207	0	48	48
93	260	0	35	35
93	235	0	41	41
93	187	0	52	52
93	145	0	61	61
93	104	0	69	69
93	118	0	67	67
93	230	0	42	42
93	163	0	57	57
93	167	0	56	56
93	134	0	63	63
93	277	0	30	30
94	114	0	68	68
94	219	0	46	46
94	211	0	48	48
94	263	0	36	36
94	298	0	26	26
94	257	0	37	37
94	261	0	36	36
94	252	0	38	38
94	153	0	59	59
94	197	0	51	51
94	266	0	35	35
94	229	0	44	44
94	215	0	48	48
95	290	0	28	28
95	225	0	45	45
95	221	0	46	46
95	285	0	30	30
95	270	0	34	34
95	223	0	46	46
95	240	0	42	42
95	173	0	57	57
95	213	0	49	49
95	265	0	36	36
95	200	0	52	52
96	291	0	29	29
96	289	0	29	29
96	267	0	36	36
96	106	0	72	72
96	203	0	51	51
96	176	0	57	57
96	210	0	50	50
96	244	0	42	42
96	192	0	54	54
96	178	0	56	56
96	227	0	46	46
96	92	0	75	75
96	131	0	66	66
96	193	0	53	53
97	209	0	52	52
97	273	0	36	36
97	84	0	79	79
97	99	0	75	75
97	272	0	36	36
97	278	0	34	34
97	249	0	42	42
97	276	0	34	34
97	297	0	29	29
97	160	0	61	61
97	191	0	55	55
97	199	0	54	54
97	34	0	91	91
98	282	0	34	34
98	293	0	31	31
98	294	0	31	31
98	90	0	79	79
98	256	0	41	41
98	275	0	36	36
98	97	0	76	76
98	28	0	93	93
98	121	0	70	70
98	224	0	48	48
98	146	0	65	65
98	182	0	57	57
98	226	0	48	48
98	214	0	52	52
99	269	0	39	39
99	190	0	57	57
99	233	0	48	48
99	246	0	45	45
99	100	0	76	76
99	183	0	58	58
100	238	0	48	48
100	242	0	46	46
100	258	0	43	43
100	196	0	57	57
100	280	0	36	36
100	232	0	49	49
101	283	0	36	36
101	155	0	66	66
101	231	0	50	50
101	248	0	47	47
101	228	0	51	51
101	255	0	44	44
101	253	0	45	45
101	243	0	47	47
101	245	0	47	47
101	241	0	48	48
101	286	0	35	35
101	295	0	33	33
101	201	0	57	57
102	259	0	45	45
102	279	0	38	38
103	300	0	34	34
103	251	0	47	47
104	292	0	37	37
 T1_Total_Damage		T2_Total_Damage		T3_Total_Damage		T4_Total_Damage
	1411.75			1788.37			2706.07			200.122			
Game is WiN
Total Enemies = 300
Averge First shoot delay = 0
Avergy kill delay = 42.9933
